kinematics:
  shoulder:
    x: 0
    y: 0
    z: 0.1624650942573475
    roll: -0
    pitch: 0
    yaw: -2.238593091105634e-08
  upper_arm:
    x: 0.000159313240324382
    y: 0
    z: 0
    roll: 1.569187461897294
    pitch: 0
    yaw: 3.151975237700092e-06
  forearm:
    x: -0.4255055486024151
    y: 0
    z: 0
    roll: 3.139794564416942
    pitch: 3.138418400831033
    yaw: -3.141590891050379
  wrist_1:
    x: -0.3924014156729722
    y: 4.575782343325744e-05
    z: 0.1341476908167599
    roll: 3.141251553259403
    pitch: -3.14038849604588
    yaw: 3.141588577176894
  wrist_2:
    x: -5.550820140644518e-06
    y: -0.09958118358042833
    z: 9.966889030611482e-05
    roll: 1.569795446373104
    pitch: 0
    yaw: 2.501702985786142e-06
  wrist_3:
    x: 0.000184770420582911
    y: 0.09970769217599711
    z: 3.796390945128687e-05
    roll: 1.571177078839079
    pitch: 3.141592653589793
    yaw: -3.141592397424371
  hash: calib_1043791841046447734